01100110
10110011
01011100
00001110
01101010
01000111
10111100
00010100
01100110
01111001
11010010
11010110
01001010
11001010
01010111
01110100
01100011
01100111
10010111
10000010
10010101
00110100
00000001
01010111
11101011
10011101
00100101
10000001
10111111
10111011
00010100
10100000
11001011
00111001
00010101
11111100
11101011
01011000
00110000
11011010
00111010
11111110
10101001
11111111
11011011
10111011
11001111
00001110
10111101
10111101
10101110
10111101
00110010
01101011
00110110
11110011
00111111
11111000
10000010
11100100
00110010
10000110
00010100
01001000
10100110
00010001
10000011
01011000
00111011
00001101
11110001
11111001
00001000
01011001
00110100
10000001
01010011
01011011
01101110
10111011
11000110
10101011
11111100
00000111
10101110
00100010
11001101
01010000
10100011
00110001
01100111
10000011
00000001
11111101
10000101
00110101
01101001
00000011
00110101
11011100
10111110
10010001
11011001
00101011
10100001
11001001
10111101
11100011
00001101
01011110
00101111
00001110
11000111
11001101
11010110
11111011
11111000
10111101
00100111
11010100
11001111
11101100
01010001
01101110
00110100
00010111
10011001
11011000
11111011
10111011
01111011
11101100
00101000
10011100
00001110
00101100
01000000
01011000
01000110
00001000
01010111
10000000
11101011
10000111
11010111
00111110
10001010
11110010
01010000
10000111
10100010
10100010
00100000
01111010
00000100
11101001
11100110
11111001
00101000
00011011
10000110
11001000
01000111
00001011
10100001
00100000
00101111
11110110
10010110
00111101
11010111
00100100
01100010
10101011
01100111
11010101
11011010
00100010
11000000
11100010
01100100
10101110
11001101
10000010
00000000
00000100
11011001
11110110
11111110
10001101
01100110
00011010
10001000
11001110
00001110
01011001
00101001
01111011
11001100
10110010
00111110
01011111
11100110
11110000
00110011
11111100
01011111
10000011
11011101
11100100
10010110
11100110
11101100
10001110
10101010
00011100
00100011
00001100
10011111
01000110
10111010
11110010
01010101
00011011
01000001
10101001
00101100
00111101
10111000
11110100
10000101
00011011
00011011
01101011
00101011
01010011
00011101
10111101
01001010
01111111
11111001
11110110
01011011
11011000
11100110
10111101
11100000
10000000
01111000
00011010
10111101
01111000
01110011
11001100
11101000
00000010